MAX_VARS_ALLOWED_HTML <- 750000
